TABLE NO.     1: Stochastic Approximation Expectation-Maximization: Problem=1 Subproblem=0 Superproblem1=0 Iteration1=0 Superproblem2=0 Iteration2=0
 NAME         THETA1       THETA2       THETA3       SIGMA(1,1)   OMEGA(1,1)   OMEGA(2,1)   OMEGA(2,2)
 THETA1        2.09805E-04  1.03701E-01  2.23074E-02  0.00000E+00 -1.90187E-03  4.47241E-02 -1.72037E-01
 THETA2        1.03701E-01  2.89305E-02 -2.10081E-01  0.00000E+00 -1.74930E-02 -2.97869E-01 -1.49610E-01
 THETA3        2.23074E-02 -2.10081E-01  2.84076E-01  0.00000E+00 -5.09625E-01  4.50675E-01 -4.76421E-01
 SIGMA(1,1)    0.00000E+00  0.00000E+00  0.00000E+00  0.00000E+00  0.00000E+00  0.00000E+00  0.00000E+00
 OMEGA(1,1)   -1.90187E-03 -1.74930E-02 -5.09625E-01  0.00000E+00  1.91115E-02  4.08984E-02  2.83709E-01
 OMEGA(2,1)    4.47241E-02 -2.97869E-01  4.50675E-01  0.00000E+00  4.08984E-02  1.08472E-02  1.28447E-02
 OMEGA(2,2)   -1.72037E-01 -1.49610E-01 -4.76421E-01  0.00000E+00  2.83709E-01  1.28447E-02  8.25390E-03
TABLE NO.     2: Objective Function Evaluation by Importance Sampling: Problem=1 Subproblem=0 Superproblem1=0 Iteration1=0 Superproblem2=0 Iteration2=0
 NAME         THETA1       THETA2       THETA3       SIGMA(1,1)   OMEGA(1,1)   OMEGA(2,1)   OMEGA(2,2)
 THETA1        2.40211E-04  2.49768E-02  2.03442E-01  0.00000E+00 -1.85280E-01  3.26444E-01 -4.49665E-02
 THETA2        2.49768E-02  2.67124E-02  2.27077E-01  0.00000E+00  4.38422E-02  1.81394E-01  3.24921E-01
 THETA3        2.03442E-01  2.27077E-01  2.57044E-01  0.00000E+00 -2.07706E-01 -3.13341E-02  7.98923E-02
 SIGMA(1,1)    0.00000E+00  0.00000E+00  0.00000E+00  0.00000E+00  0.00000E+00  0.00000E+00  0.00000E+00
 OMEGA(1,1)   -1.85280E-01  4.38422E-02 -2.07706E-01  0.00000E+00  1.64311E-02  5.89092E-01 -3.17821E-01
 OMEGA(2,1)    3.26444E-01  1.81394E-01 -3.13341E-02  0.00000E+00  5.89092E-01  8.47482E-03 -1.11871E-01
 OMEGA(2,2)   -4.49665E-02  3.24921E-01  7.98923E-02  0.00000E+00 -3.17821E-01 -1.11871E-01  8.63077E-03
